# transform file /Users/suhanasaigoli/Desktop/Projects/SURF/iNPH/subjectX/mri/transforms/cc_up.lta
# created by suhanasaigoli on Sat May 18 10:45:29 2024

type      = 0 # LINEAR_VOX_TO_VOX
nxforms   = 1
mean      = 127.0000 127.0000 115.0000
sigma     = 10000.0000
1 4 4
9.984912276268005e-01 5.360932275652885e-02 1.188847888261080e-02 -7.060444355010986e+00 
-5.360552296042442e-02 9.985620379447937e-01 -6.382511346600950e-04 3.310404205322266e+01 
-1.190559845417738e-02 0.000000000000000e+00 9.999291300773621e-01 7.536554813385010e+00 
0.000000000000000e+00 0.000000000000000e+00 0.000000000000000e+00 1.000000000000000e+00 
src volume info
valid = 1  # volume info valid
filename = /Users/suhanasaigoli/Desktop/Projects/SURF/iNPH/subjectX/mri/norm.mgz
volume = 256 256 256
voxelsize = 1.000000000000000e+00 1.000000000000000e+00 1.000000000000000e+00
xras   = -1.000000000000000e+00 0.000000000000000e+00 0.000000000000000e+00
yras   = 0.000000000000000e+00 0.000000000000000e+00 -1.000000000000000e+00
zras   = 0.000000000000000e+00 1.000000000000000e+00 0.000000000000000e+00
cras   = 5.399719238281250e+00 1.800000000000000e+01 0.000000000000000e+00
dst volume info
valid = 1  # volume info valid
filename = /Users/suhanasaigoli/Desktop/Projects/SURF/iNPH/subjectX/mri/norm.mgz
volume = 256 256 256
voxelsize = 1.000000000000000e+00 1.000000000000000e+00 1.000000000000000e+00
xras   = -1.000000000000000e+00 0.000000000000000e+00 0.000000000000000e+00
yras   = 0.000000000000000e+00 0.000000000000000e+00 -1.000000000000000e+00
zras   = 0.000000000000000e+00 1.000000000000000e+00 0.000000000000000e+00
cras   = 5.399719238281250e+00 1.800000000000000e+01 0.000000000000000e+00
