# transform file /Users/suhanasaigoli/Desktop/Projects/SURF/iNPH/FastSurfer/OAS1_0001/mri/transforms/cc_up.lta
# created by suhanasaigoli on Mon Jun 17 13:45:31 2024

type      = 0 # LINEAR_VOX_TO_VOX
nxforms   = 1
mean      = 129.0000 128.0000 111.0000
sigma     = 10000.0000
1 4 4
9.997614026069641e-01 2.005733177065849e-02 -8.648804388940334e-03 -1.463292002677917e+00 
-2.005658112466335e-02 9.997987747192383e-01 1.735068508423865e-04 2.557608985900879e+01 
8.650545030832291e-03 0.000000000000000e+00 9.999625682830811e-01 1.989402008056641e+01 
0.000000000000000e+00 0.000000000000000e+00 0.000000000000000e+00 1.000000000000000e+00 
src volume info
valid = 1  # volume info valid
filename = /Users/suhanasaigoli/Desktop/Projects/SURF/iNPH/FastSurfer/OAS1_0001/mri/norm.mgz
volume = 256 256 256
voxelsize = 1.000000000000000e+00 1.000000000000000e+00 1.000000000000000e+00
xras   = -1.000000000000000e+00 -0.000000000000000e+00 0.000000000000000e+00
yras   = -0.000000000000000e+00 0.000000000000000e+00 -1.000000000000000e+00
zras   = -0.000000000000000e+00 1.000000000000000e+00 0.000000000000000e+00
cras   = 0.000000000000000e+00 0.000000000000000e+00 0.000000000000000e+00
dst volume info
valid = 1  # volume info valid
filename = /Users/suhanasaigoli/Desktop/Projects/SURF/iNPH/FastSurfer/OAS1_0001/mri/norm.mgz
volume = 256 256 256
voxelsize = 1.000000000000000e+00 1.000000000000000e+00 1.000000000000000e+00
xras   = -1.000000000000000e+00 -0.000000000000000e+00 0.000000000000000e+00
yras   = -0.000000000000000e+00 0.000000000000000e+00 -1.000000000000000e+00
zras   = -0.000000000000000e+00 1.000000000000000e+00 0.000000000000000e+00
cras   = 0.000000000000000e+00 0.000000000000000e+00 0.000000000000000e+00
